1000
1 -999999999
1 999999999
1 13627
1 1970
2 13627
3 1970
4 16277
4 25223
4 25805
5 538
5 19842
1 31478
1 5155
1 13407
2 31478
3 25073
4 6588
4 22518
4 876
5 18890
5 27357
1 17059
1 4387
1 28621
2 13407
3 5155
4 22111
4 1746
4 32082
5 27192
5 14984
1 1221
1 29178
1 14459
2 29178
3 14099
4 31561
4 9944
4 30984
5 2958
5 25004
1 26142
1 17666
1 28826
2 28621
3 4387
4 26034
4 9162
4 30202
5 117
5 10897
1 21063
1 21299
1 19136
2 19136
3 26142
4 27967
4 30185
4 3804
5 27486
5 24381
1 15952
1 18567
1 28661
2 17666
3 4387
4 14257
4 19917
4 20819
5 13854
5 14037
1 28550
1 13555
1 11684
2 14459
3 17666
4 21419
4 26334
4 28208
5 23085
5 586
1 16916
1 15555
1 13940
2 13555
3 3343
4 22420
4 14470
4 19550
5 17464
5 31795
1 12700
1 7555
1 28017
2 21063
3 28826
4 14705
4 5051
4 20714
5 27243
5 19248
1 9440
1 12758
1 2698
2 21299
3 28826
4 31134
4 15509
4 5387
5 12684
5 3214
1 11373
1 6459
1 4655
2 28550
3 16916
4 30976
4 18483
4 15097
5 29492
5 17354
1 6201
1 21798
1 660
2 16916
3 5155
4 27565
4 1879
4 13915
5 7094
5 27427
1 1154
1 8787
1 32510
2 32510
3 20323
4 10284
4 17809
4 6164
5 31400
5 30212
1 29495
1 3048
1 26693
2 9440
3 26142
4 19843
4 6024
4 12814
5 15280
5 2652
1 18112
1 27119
1 24510
2 3048
3 11684
4 17070
4 32462
4 21748
5 420
5 16919
1 10659
1 3825
1 18579
2 26142
3 8574
4 14888
4 27305
4 31707
5 27034
5 24589
1 29324
1 4981
1 20723
2 27119
3 20215
4 8683
4 167
4 14486
5 17299
5 15535
1 25592
1 10246
1 3111
2 2698
3 56
4 27627
4 7795
4 27813
5 15520
5 6442
1 31630
1 16955
1 31954
2 17059
3 18567
4 12818
4 5583
4 11562
5 15119
5 621
1 161
1 30733
1 22377
2 20723
3 7555
4 19177
4 5828
4 23602
5 6999
5 20551
1 1430
1 8944
1 29626
2 5155
3 28017
4 21434
4 14732
4 8628
5 20622
5 12666
1 5797
1 6560
1 764
2 11684
3 28017
4 21037
4 17343
4 28231
5 30184
5 31366
1 8918
1 23817
1 6098
2 1430
3 18567
4 18049
4 9058
4 1166
5 4688
5 19244
1 5125
1 16958
1 20886
2 8918
3 1105
4 22979
4 15643
4 21562
5 18134
5 5322
1 12011
1 22582
1 26570
2 30733
3 660
4 9310
4 13469
4 23625
5 17725
5 28398
1 3943
1 4751
1 3813
2 23817
3 24510
4 11339
4 24283
4 24150
5 10325
5 1848
1 4643
1 22948
1 26280
2 8944
3 1154
4 11933
4 25813
4 1956
5 5254
5 31969
1 31602
1 6155
1 21808
2 15952
3 14865
4 27897
4 14551
4 18602
5 7004
5 18292
1 15241
1 27789
1 7327
2 29626
3 19988
4 17606
4 1217
4 32398
5 12829
5 2556
1 1417
1 1112
1 19644
2 25592
3 22948
4 18183
4 17898
4 17687
5 23297
5 2593
1 11568
1 26304
1 5747
2 12700
3 20886
4 8923
4 24310
4 23919
5 27735
5 30864
1 13307
1 26215
1 12622
2 4655
3 4387
4 14841
4 20640
4 28856
5 4539
5 25218
1 24984
1 29794
1 14573
2 24984
3 17274
4 18354
4 29796
4 24877
5 9574
5 20337
1 7864
1 1743
1 8393
2 660
3 17821
4 9800
4 31407
4 13558
5 20384
5 4951
1 32154
1 3016
1 26697
2 26215
3 22948
4 30035
4 24240
4 5537
5 18276
5 24388
1 19325
1 8582
1 13629
2 31630
3 18179
4 5205
4 22956
4 7408
5 1979
5 7753
1 11364
1 7032
1 29192
2 29794
3 3943
4 27811
4 21687
4 8582
5 21540
5 14490
1 29578
1 27137
1 23463
2 3943
3 32154
4 7085
4 22198
4 30201
5 28682
5 24447
1 4239
1 16840
1 5101
2 18112
3 16958
4 8904
4 30182
4 8703
5 6665
5 14042
1 15963
1 6865
1 10545
2 31954
3 24787
4 25347
4 18444
4 13908
5 13000
5 18742
1 29331
1 31614
1 10866
2 26697
3 19289
4 2563
4 28455
4 15681
5 30609
5 17204
1 1934
1 16738
1 9961
2 15241
3 11975
4 31088
4 25286
4 12162
5 16650
5 12140
1 8416
1 32207
1 26119
2 26119
3 23363
4 28920
4 20623
4 18195
5 32088
5 16395
1 557
1 29845
1 15362
2 22582
3 14573
4 22487
4 30771
4 4533
5 5597
5 5638
1 3950
1 12987
1 16831
2 10866
3 24510
4 17046
4 5404
4 21270
5 15030
5 6295
1 23141
1 9029
1 28526
2 22377
3 7699
4 15743
4 17796
4 19530
5 9831
5 11254
1 10245
1 13126
1 31305
2 6155
3 557
4 26150
4 32276
4 12311
5 9045
5 2489
1 30763
1 26156
1 10414
2 11373
3 21798
4 25919
4 15816
4 29523
5 26290
5 7239
1 5053
1 30817
1 21179
2 23463
3 8416
4 29218
4 2548
4 21722
5 21572
5 12325
1 26050
1 16911
1 11709
2 29495
3 10659
4 20694
4 30057
4 5275
5 1073
5 12830
1 29692
1 23717
1 12437
2 24510
3 16955
4 9702
4 2792
4 4639
5 7540
5 3452
1 6480
1 15260
1 20626
2 29845
3 3111
4 11838
4 942
4 24241
5 3618
5 1808
1 10571
1 23996
1 27362
2 5101
3 16738
4 32092
4 17216
4 14028
5 10413
5 22766
1 8290
1 9022
1 13937
2 3950
3 16911
4 14112
4 6631
4 15054
5 2382
5 9056
1 2246
1 23384
1 16456
2 7327
3 21777
4 32553
4 1639
4 2694
5 29009
5 24941
1 2983
1 16923
1 16510
2 13940
3 21808
4 27820
4 2386
4 3772
5 12256
5 11773
1 18555
1 506
1 13572
2 7032
3 12704
4 28947
4 15167
4 26655
5 4231
5 22182
1 23297
1 31645
1 27375
2 16923
3 19325
4 19086
4 18392
4 22022
5 12102
5 5721
1 20693
1 26181
1 31138
2 29192
3 12758
4 14219
4 20722
4 9372
5 14255
5 19251
1 15042
1 27491
1 15378
2 4751
3 32427
4 2478
4 2357
4 12829
5 25948
5 5231
1 1433
1 26116
1 26343
2 23384
3 3016
4 7329
4 20889
4 8392
5 7971
5 32201
1 13159
1 10888
1 12135
2 31602
3 20798
4 24568
4 1321
4 1836
5 15181
5 923
1 4219
1 7265
1 3770
2 10659
3 13570
4 24538
4 20041
4 12942
5 16820
5 16461
1 7221
1 8941
1 12792
2 29331
3 31138
4 25713
4 21691
4 18395
5 6128
5 2820
1 16329
1 14726
1 6513
2 1934
3 12405
4 5007
4 30302
4 20619
5 1386
5 31501
1 27175
1 1350
1 18821
2 18555
3 14726
4 28467
4 16325
4 17452
5 19599
5 19149
1 27532
1 18112
1 13353
2 6459
3 1970
4 15847
4 22568
4 26007
5 100
5 8095
1 15044
1 4414
1 13538
2 26280
3 4219
4 812
4 12596
4 14390
5 9808
5 28498
1 10609
1 32225
1 20864
2 7265
3 15362
4 17032
4 6975
4 15169
5 27897
5 12810
1 27694
1 2506
1 13575
2 27694
3 8980
4 7091
4 9157
4 1391
5 17345
5 11272
1 19497
1 24052
1 23049
2 161
3 5797
4 6034
4 3366
4 20838
5 10845
5 12353
1 11168
1 14541
1 8958
2 23141
3 3825
4 10837
4 553
4 1472
5 16690
5 17896
1 26277
1 31481
1 30944
2 11168
3 18112
4 898
4 9996
4 3692
5 26494
5 24358
1 6145
1 1050
1 30646
2 9029
3 2983
4 14691
4 31958
4 20890
5 4069
5 4462
1 28351
1 26056
1 15106
2 23996
3 22948
4 27409
4 22475
4 18128
5 23507
5 12676
1 12583
1 10360
1 3657
2 26693
3 1970
4 5667
4 3306
4 12990
5 11067
5 10888
1 13521
1 19746
1 27867
2 12011
3 27867
4 23848
4 26479
4 31743
5 20050
5 26820
1 15289
1 2514
1 16488
2 1350
3 5055
4 10690
4 3819
4 25478
5 11358
5 17677
1 25700
1 11961
1 27267
2 28351
3 10141
4 24705
4 18929
4 12728
5 11468
5 2119
1 15595
1 16250
1 23467
2 19644
3 23269
4 21062
4 24917
4 14015
5 18474
5 21150
1 25437
1 21380
1 19007
2 14726
3 17995
4 22924
4 15593
4 9832
5 11864
5 2990
1 2193
1 32760
1 16318
2 18579
3 15994
4 11583
4 4646
4 26240
5 23606
5 28404
1 19122
1 14333
1 30793
2 4643
3 13575
4 177
4 10334
4 26172
5 31134
5 21881
1 23822
1 5779
1 24542
2 1433
3 23226
4 27620
4 13290
4 8316
5 10057
5 7686
1 28662
1 17715
1 8413
2 9961
3 8399
4 8203
4 32011
4 27104
5 7191
5 20160
1 3372
1 21301
1 24254
2 20693
3 1221
4 1239
4 15873
4 1219
5 28332
5 30613
1 29069
1 26897
1 20461
2 13538
3 6239
4 32043
4 17057
4 2338
5 22950
5 496
1 16512
1 12675
1 15922
2 19122
3 25330
4 31189
4 13581
4 16369
5 29969
5 29181
1 17241
1 31278
1 2998
2 13521
3 6560
4 16001
4 18166
4 20213
5 3092
5 27095
1 27577
1 7597
1 18140
2 13307
3 1112
4 32749
4 4034
4 17460
5 6402
5 10843
1 19292
1 30602
1 23987
2 12583
3 15922
4 5508
4 29482
4 32643
5 75
5 2922
1 31946
1 22761
1 25199
2 5125
3 32207
4 14112
4 12699
4 29881
5 29
5 23141
1 1890
1 16616
1 8844
2 16329
3 11568
4 19888
4 17942
4 12885
5 2930
5 3067
1 17127
1 22248
1 18851
2 15963
3 14095
4 21099
4 14366
4 27997
5 12678
5 13452
1 3502
1 22559
1 2061
2 20461
3 11568
4 26087
4 25518
4 4535
5 1076
5 7906
1 23518
1 29289
1 30685
2 506
3 2420
4 11190
4 2225
4 31919
5 15698
5 11583
1 7142
1 18254
1 19655
2 2246
3 32348
4 23787
4 7963
4 28126
5 29902
5 11465
1 8822
1 25878
1 22624
2 6201
3 2193
4 20248
4 23597
4 30893
5 22495
5 23650
1 1055
1 6019
1 21392
2 21798
3 2061
4 10974
4 29114
4 11649
5 18630
